145 1.86   0.02
146 1.84   0.01
147 1.75   0.01
148 2.02   0.02
149 2.21   0.02
150 2.52   0.02
151 2.52   0.02
152 2.42   0.02
153 2.20   0.02
154 2.34   0.02
155 2.67   0.02
156 2.37   0.02
157 2.32   0.02
158 2.28   0.02
159 1.69   0.02
160 2.38   0.02
161 2.49   0.03
162 2.34   0.02
163 2.14   0.02
164 2.75   0.03
165 3.62   0.03
167 4.94   0.04
168 5.92   0.06
169 7.16   0.07
171 8.41   0.09
172 12.02  0.15
173 9.66   0.15
174 13.81  0.26
175 9.81   0.14
176 8.48   0.14
177 5.83   0.09
178 6.20   0.07
179 5.13   0.06
180 4.26   0.04
181 3.75   0.03
183 3.59   0.04
184 3.27   0.06
185 2.65   0.03
187 2.99   0.04
188 3.26   0.05
189 3.79   0.05
190 3.81   0.04
192 3.51   0.02
193 3.36   0.03
194 3.60   0.03
195 3.70   0.05
197 3.60   0.03
198 3.39   0.04
199 3.61   0.02
200 3.63   0.02
201 3.30   0.02
202 3.77   0.02
204 4.47   0.03
205 5.80   0.05
206 5.28   0.04
207 6.87   0.04
208 8.75   0.08
209 9.86   0.06
210 10.46  0.05
211 10.16  0.07
212 10.72  0.07
213 10.31  0.05
214 10.86  0.07
215 10.48  0.07
216 10.95  0.09
217 11.12  0.06
218 10.86  0.10
219 13.02  0.22
220 14.82  0.11
221 14.46  0.14
222 11.62  0.07
223 12.44  0.15
224 14.29  0.13
225 12.07  0.20
226 8.35   0.06
227 10.41  0.09
228 10.52  0.06
229 10.35  0.07
230 10.65  0.08
231 10.62  0.06
232 10.28  0.05
233 9.71   0.06
234 10.28  0.06
235 9.83   0.04
236 10.08  0.05
237 10.90  0.09
238 10.46  0.08
239 9.71   0.07
240 8.78   0.06
241 11.34  0.15
242 9.72   0.08
243 9.25   0.06
244 10.00  0.10
245 10.81  0.11
246 10.78  0.16
247 10.41  0.06
248 11.39  0.17
249 10.32  0.07
250 10.18  0.07
251 8.95   0.10
252 11.81  0.11
253 10.71  0.18
254 8.66   0.10
255 6.50   0.04
256 4.88   0.03
257 3.43   0.02
258 2.24   0.02
259 0.97   0.01
