145.00   1.09769484   0.00240987
146.00   0.97847358   0.00191482
147.00   0.89206066   0.00159154
148.00   0.85616438   0.00219905
149.00   0.82850041   0.00205924
150.00   0.78554595   0.00246833
151.00   0.84175084   0.00283418
152.00   0.74239050   0.00165343
153.00   0.78247261   0.00183679
154.00   0.76452599   0.00175350
155.00   0.75244545   0.00226470
156.00   0.70771408   0.00150258
157.00   0.72254335   0.00208828
158.00   0.76511094   0.00175618
159.00   0.79113924   0.00250361
160.00   0.78492936   0.00184834
161.00   0.81234768   0.00329954
162.00   0.76277651   0.00174548
163.00   0.74738416   0.00279292
164.00   0.75131480   0.00282237
165.00   0.77942323   0.00303750
167.00   0.73046019   0.00373500
168.00   0.69300069   0.00432225
169.00   0.71890726   0.00516828
171.00   0.68119891   0.00603242
172.00   0.66357001   0.00748553
173.00   0.62266501   0.00775423
174.00   0.63371356   0.01084301
175.00   0.65746220   0.00778062
176.00   0.68119891   0.00928064
177.00   0.64061499   0.00574543
178.00   0.65445026   0.00471136
179.00   0.67888663   0.00414798
180.00   0.66050198   0.00261758
181.00   0.68728522   0.00236180
183.00   0.74682599   0.00446199
184.00   0.77101002   0.00594456
185.00   0.78988942   0.00311963
187.00   0.74128984   0.00384657
188.00   0.70771408   0.00400687
189.00   0.70821530   0.00451412
190.00   0.68965517   0.00285375
192.00   0.71479628   0.00204373
193.00   0.69783671   0.00292186
194.00   0.72358900   0.00314149
195.00   0.75872534   0.00460531
197.00   0.71225071   0.00304381
198.00   0.72358900   0.00314149
199.00   0.72254335   0.00156621
200.00   0.71994240   0.00207327
201.00   0.74404762   0.00221443
202.00   0.70323488   0.00197816
204.00   0.67069081   0.00224913
205.00   0.68775791   0.00378409
206.00   0.73637703   0.00379576
207.00   0.86956522   0.00378072
208.00   0.71581961   0.00512398
209.00   0.72992701   0.00372955
210.00   0.75700227   0.00343831
211.00   0.75528701   0.00456367
212.00   0.76923077   0.00473373
213.00   0.74738416   0.00279292
214.00   0.75018755   0.00450225
215.00   0.72674419   0.00422526
216.00   0.73367572   0.00484452
217.00   0.72939460   0.00372412
218.00   0.75815011   0.00574792
219.00   0.73529412   0.01135381
220.00   0.73800738   0.00544655
221.00   0.82034454   0.00807558
222.00   0.75471698   0.00455678
223.00   0.76103501   0.00868761
224.00   0.70821530   0.00601883
225.00   0.72780204   0.01112361
226.00   0.74019245   0.00438308
227.00   0.71530758   0.00562831
228.00   0.72780204   0.00370787
229.00   0.70621469   0.00448865
230.00   0.67069081   0.00404844
231.00   0.72992701   0.00372955
232.00   0.70721358   0.00250076
233.00   0.67294751   0.00362287
234.00   0.70028011   0.00343275
235.00   0.75471698   0.00284799
236.00   0.72098053   0.00311888
237.00   0.70972321   0.00554078
238.00   0.73152890   0.00535135
239.00   0.75815011   0.00459833
240.00   0.76745971   0.00412296
241.00   0.69979006   0.00832500
242.00   0.68870523   0.00474315
243.00   0.70126227   0.00393415
244.00   0.69396253   0.00577901
245.00   0.70077085   0.00638404
246.00   0.72780204   0.00953452
247.00   0.67888663   0.00322621
248.00   0.72358900   0.00942446
249.00   0.74183976   0.00440261
250.00   0.68587106   0.00376335
251.00   0.67613252   0.00594302
252.00   0.72992701   0.00639352
253.00   0.67430883   0.00909385
254.00   0.71479628   0.00664214
255.00   0.70821530   0.00300941
256.00   0.67750678   0.00229508
257.00   0.73964497   0.00218830
258.00   0.89525515   0.00240445
259.00   1.30039012   0.00169101
