145.00   1.04602510   0.00765918   1.07991361   0.00699728   1.13378685   0.01542567   1.09769484   0.00240987   1.00704935   0.00304245
146.00   0.91240876   0.00499494   0.92165899   0.00509673   0.99206349   0.01082609   0.97847358   0.00191482   0.87412587   0.00229229
147.00   0.82781457   0.00479694   0.90009001   0.00648130   0.86956522   0.00907372   0.89206066   0.00159154   0.81499593   0.00199266
148.00   0.80256822   0.00579704   0.86206897   0.00520214   0.80775444   0.00913454   0.85616438   0.00219905   0.80450523   0.00194169
149.00   0.77339520   0.00418698   0.81632653   0.00533111   0.80775444   0.00913454   0.82850041   0.00205924   0.78186083   0.00183392
150.00   0.73475386   0.00485877   0.76335878   0.00524445   0.76452599   0.01052100   0.78554595   0.00246833   0.74404762   0.00221443
151.00   0.72516316   0.00578448   0.75585790   0.00571321   0.78864353   0.01430505   0.84175084   0.00283418   0.73583517   0.00270727
152.00   0.69930070   0.00440119   0.71684588   0.00411094   0.72046110   0.00934316   0.74239050   0.00165343   0.69252078   0.00191834
153.00   0.68306011   0.00373257   0.74906367   0.00448877   0.75585790   0.00914114   0.78247261   0.00183679   0.72780204   0.00211878
154.00   0.69013112   0.00428653   0.66225166   0.02192886   0.72992701   0.00852469   0.76452599   0.00175350   0.69444444   0.00192901
155.00   0.66181337   0.00569396   0.73421439   0.00539071   0.77160494   0.01131211   0.75244545   0.00226470   0.70671378   0.00199778
156.00   0.64226076   0.00412499   0.68728522   0.00614069   0.70771408   0.00951633   0.70771408   0.00150258   0.66889632   0.00178969
157.00   0.65963061   0.00435113   0.71326676   0.00508749   0.69783671   0.00973952   0.72254335   0.00208828   0.69252078   0.00191834
158.00   0.72939460   0.00372412   0.75471698   0.00455678   0.73583517   0.00812180   0.76511094   0.00175618   0.73260073   0.00214682
159.00   0.73367572   0.00538280   0.77220077   0.00536665   0.83892617   0.01407594   0.79113924   0.00250361   0.78802206   0.00310489
160.00   0.75131480   0.00564474   0.80515298   0.00518617   0.79936051   0.01214057   0.78492936   0.00184834   0.75930144   0.00230615
161.00   0.73529412   0.00919118   0.76161462   0.00754074   0.76687117   0.01940702   0.81234768   0.00329954   0.74515648   0.00333155
162.00   0.71530758   0.00562831   0.73855244   0.00709098   0.74074074   0.01152263   0.76277651   0.00174548   0.73475386   0.00269932
163.00   0.71428571   0.00561224   0.74906367   0.00561096   0.79365079   0.01448728   0.74738416   0.00279292   0.77279753   0.00298608
164.00   0.66755674   0.00579322   0.72150072   0.00572620   0.72358900   0.01361311   0.75131480   0.00282237   0.72306580   0.00261412
165.00   0.68399453   0.00608203   0.75187970   0.00847985   0.73800738   0.01470568   0.77942323   0.00303750   0.76687117   0.00294046
167.00   0.57405281   0.00659073   0.63734863   0.00771805   0.68775791   0.01655538   0.73046019   0.00373500   0.71428571   0.00357143
168.00   0.55617353   0.00773322   0.59417706   0.00812007   0.64474533   0.01912204   0.69300069   0.00432225   0.71428571   0.00459184
169.00   0.54975261   0.00755570   0.59523810   0.00814909   0.66711141   0.02225188   0.71890726   0.00516828   0.73046019   0.00533572
171.00   0.50000000   0.00725000   0.55370986   0.00827805   0.62972292   0.02339651   0.68119891   0.00603242   0.68352700   0.00607372
172.00   0.49701789   0.00889296   0.53390283   0.00940672   0.57903880   0.02749345   0.66357001   0.00748553   0.68446270   0.00796432
173.00   0.53106745   0.01297350   0.59206631   0.01261953   0.64226076   0.03671240   0.62266501   0.00775423   0.62539087   0.00821339
174.00   0.47551117   0.00994888   0.54436581   0.01659471   0.56818182   0.03615702   0.63371356   0.01084301   0.65104167   0.01144409
175.00   0.48732943   0.01068705   0.56818182   0.01162190   0.54083288   0.03246752   0.65746220   0.00778062   0.68634180   0.00800811
176.00   0.47192072   0.03474263   0.64102564   0.02136752   0.67704807   0.05088174   0.68119891   0.00928064   0.70422535   0.00892680
177.00   0.52521008   0.01075798   0.56753689   0.01030714   0.61050061   0.02944417   0.64061499   0.00574543   0.64808814   0.00588026
178.00   0.55035773   0.00969260   0.57339450   0.00986344   0.57012543   0.02080275   0.65445026   0.00471136   0.64808814   0.00462020
179.00   0.54585153   0.00923657   0.58788948   0.00933158   0.58548009   0.02056722   0.67888663   0.00414798   0.69348128   0.00480916
180.00   0.54347826   0.00502127   0.63532402   0.00565091   0.62073246   0.01425643   0.66050198   0.00261758   0.64850843   0.00294394
181.00   0.57208238   0.00490917   0.50787202   0.00412694   0.78740157   0.01550003   0.68728522   0.00236180   0.70077085   0.00245540
183.00   0.61425061   0.00867799   0.63091483   0.00756302   0.64350064   0.02029056   0.74682599   0.00446199   0.70028011   0.00392314
184.00   0.66533599   0.01416550   0.67934783   0.01061481   0.74962519   0.03427821   0.77101002   0.00594456   0.75244545   0.00566174
185.00   0.68965517   0.00665874   0.73637703   0.00704926   0.76687117   0.01764274   0.78988942   0.00311963   0.76045627   0.00346976
187.00   0.63451777   0.00805226   0.64474533   0.00789823   0.67159167   0.02029659   0.74128984   0.00384657   0.72411296   0.00419472
188.00   0.60975610   0.01003867   0.61728395   0.00914495   0.66666667   0.02355556   0.70771408   0.00400687   0.70472163   0.00446969
189.00   0.54525627   0.01129757   0.60753341   0.01181110   0.63291139   0.02763980   0.70821530   0.00451412   0.68446270   0.00468489
190.00   0.58241118   0.00678406   0.61919505   0.00843486   0.65316786   0.01706513   0.68965517   0.00285375   0.67980965   0.00323499
192.00   0.57971014   0.00504096   0.71890726   0.00620193   0.63979527   0.01105213   0.71479628   0.00204373   0.72046110   0.00259532
193.00   0.59066745   0.00627998   0.67249496   0.00768824   0.67294751   0.01494433   0.69783671   0.00292186   0.69930070   0.00293413
194.00   0.58858152   0.00692856   0.64850843   0.00714957   0.65274151   0.01619072   0.72358900   0.00314149   0.70771408   0.00350601
195.00   0.63051702   0.01272165   0.65573770   0.00902983   0.71736011   0.02984712   0.75872534   0.00460531   0.73529412   0.00486592
197.00   0.57372347   0.00658317   0.66181337   0.00613196   0.67888663   0.01659193   0.71225071   0.00304381   0.70422535   0.00297560
198.00   0.58411215   0.00648255   0.61500615   0.00605172   0.63734863   0.01543610   0.72358900   0.00314149   0.72254335   0.00365448
199.00   0.57471264   0.00396354   0.64020487   0.00409862   0.67750678   0.00963932   0.72254335   0.00156621   0.71123755   0.00202344
200.00   0.61614295   0.00341669   0.69881202   0.00390671   0.66577896   0.01063828   0.71994240   0.00207327   0.70571630   0.00249018
201.00   0.58105752   0.00506442   0.57045066   0.00455580   0.68540096   0.01268391   0.74404762   0.00221443   0.72568940   0.00263313
202.00   0.55524708   0.00431619   0.64143682   0.00452585   0.68119891   0.01020870   0.70323488   0.00197816   0.71377587   0.00254738
204.00   0.52659294   0.00499140   0.58616647   0.00446668   0.64350064   0.01366507   0.67069081   0.00224913   0.69735007   0.00291778
205.00   0.53504548   0.00658429   0.60096154   0.00686194   0.63211125   0.01997823   0.68775791   0.00378409   0.74239050   0.00385801
206.00   0.52882073   0.00643198   0.58754407   0.00690416   0.66093853   0.01922095   0.73637703   0.00379576   0.75414781   0.00398117
207.00   0.49554014   0.00564788   0.60024010   0.00648519   0.72727273   0.01851240   0.86956522   0.00378072   0.94607379   0.00447528
208.00   0.38880249   0.00740720   0.46554935   0.00693556   0.58173357   0.02335056   0.71581961   0.00512398   0.82987552   0.00619824
209.00   0.39984006   0.00591527   0.47551117   0.00565277   0.55096419   0.01760657   0.72992701   0.00372955   0.83402836   0.00556483
210.00   0.39416634   0.00512711   0.49261084   0.00533864   0.60938452   0.01633938   0.75700227   0.00343831   0.88652482   0.00471556
211.00   0.41186161   0.00831187   0.47370914   0.00718081   0.57012543   0.02275301   0.75528701   0.00456367   0.87183958   0.00608083
212.00   0.39200314   0.00599299   0.50075113   0.00677030   0.56753689   0.01900379   0.76923077   0.00473373   0.84674005   0.00501878
213.00   0.37636432   0.00453280   0.45892611   0.00463349   0.55741360   0.01336053   0.74738416   0.00279292   0.84889643   0.00432375
214.00   0.37764350   0.00641766   0.47415837   0.00607031   0.55187638   0.01949232   0.75018755   0.00450225   0.86805556   0.00602816
215.00   0.38153377   0.01164544   0.49212598   0.01017190   0.58582308   0.02196408   0.72674419   0.00422526   0.83822297   0.00562094
216.00   0.34674064   0.04208017   0.44903458   0.00705712   0.59701493   0.02316774   0.73367572   0.00484452   0.84745763   0.00646366
217.00   0.38138825   0.00552737   0.45167118   0.00550819   0.56085250   0.01792966   0.72939460   0.00372412   0.84530854   0.00500183
218.00   0.37425150   0.00672308   0.51466804   0.00768161   0.55035773   0.02271702   0.75815011   0.00574792   0.89206066   0.00795772
219.00   0.39432177   0.00948487   0.46382189   0.01161706   0.57175529   0.03890159   0.73529412   0.01135381   0.81168831   0.01449443
220.00   0.39370079   0.00635501   0.45977011   0.00655305   0.58892815   0.02289120   0.73800738   0.00544655   0.84889643   0.00720625
221.00   0.41946309   0.00774177   0.52328624   0.00985783   0.61012813   0.02866374   0.82034454   0.00807558   0.86730269   0.00827435
222.00   0.40420372   0.00555494   0.47303690   0.00537033   0.57870370   0.01808449   0.75471698   0.00455678   0.86655113   0.00525638
223.00   0.50838841   0.03101505   0.63171194   0.01955394   0.57670127   0.02860225   0.76103501   0.00868761   0.83892617   0.00985316
224.00   0.37664783   0.00624200   0.43725404   0.01663363   0.57208238   0.02585498   0.70821530   0.00601883   0.80580177   0.00779180
225.00   0.45248869   0.01310374   0.73475386   0.01025740   0.70621469   0.05835248   0.72780204   0.01112361   0.80971660   0.01835795
226.00   0.42625746   0.00708612   0.49067713   0.00698216   0.55586437   0.02008404   0.74019245   0.00438308   0.84889643   0.00576500
227.00   0.38520801   0.00830957   0.44091711   0.00583224   0.61124694   0.02876896   0.71530758   0.00562831   0.79302141   0.00754660
228.00   0.38684720   0.00493847   0.45703839   0.00459545   0.56497175   0.01659804   0.72780204   0.00370787   0.82712986   0.00478901
229.00   0.40064103   0.00754412   0.42337003   0.00627348   0.54555374   0.02083402   0.70621469   0.00448865   0.78064012   0.00548459
230.00   0.36697248   0.00579076   0.43802015   0.00537213   0.58582308   0.02162089   0.67069081   0.00404844   0.80710250   0.00586273
231.00   0.37579857   0.00522531   0.45808520   0.00503621   0.55617353   0.01639444   0.72992701   0.00372955   0.83892617   0.00492658
232.00   0.38358266   0.00441407   0.46274873   0.00428273   0.57142857   0.01404082   0.70721358   0.00250076   0.84388186   0.00427282
233.00   0.35790981   0.00538018   0.42771600   0.00493941   0.54318305   0.01740782   0.67294751   0.00362287   0.77160494   0.00535837
234.00   0.40700041   0.00563208   0.51519835   0.00451230   0.58962264   0.02051164   0.70028011   0.00343275   0.81168831   0.00461187
235.00   0.38182512   0.00451950   0.47103156   0.00421554   0.57770075   0.01368326   0.75471698   0.00284799   0.86880973   0.00377415
236.00   0.38417211   0.00442765   0.47483381   0.00450934   0.53648069   0.01237590   0.72098053   0.00311888   0.83752094   0.00420865
237.00   0.37119525   0.00730265   0.44306602   0.00706707   0.54914882   0.02322046   0.70972321   0.00554078   0.82918740   0.00618797
238.00   0.38610039   0.00641016   0.45620438   0.00624367   0.55463117   0.02245595   0.73152890   0.00535135   0.80971660   0.00590077
239.00   0.42354934   0.00699637   0.49504950   0.00637192   0.66225166   0.02412175   0.75815011   0.00459833   0.90579710   0.00492281
240.00   0.41806020   0.00576755   0.50530571   0.00612801   0.60938452   0.01856747   0.76745971   0.00412296   0.84817642   0.00503582
241.00   0.37921881   0.00862841   0.45330916   0.00863055   0.54975261   0.03294284   0.69979006   0.00832500   0.81566069   0.01131014
242.00   0.37693178   0.00596726   0.46253469   0.00556240   0.52714813   0.01972985   0.68870523   0.00474315   0.78802206   0.00620979
243.00   0.37105751   0.00564503   0.45392646   0.00556333   0.55432373   0.01843649   0.70126227   0.00393415   0.80321285   0.00516121
244.00   0.36927622   0.00750007   0.46490005   0.00734849   0.54914882   0.02533141   0.69396253   0.00577901   0.81967213   0.00806235
245.00   0.35829452   0.00731737   0.44072279   0.00874065   0.59523810   0.03047052   0.70077085   0.00638404   0.84104289   0.00848824
246.00   0.36683786   0.00740135   0.44742729   0.00940899   0.56274620   0.02945155   0.72780204   0.00953452   0.82712986   0.01094630
247.00   0.35473572   0.00528517   0.41254125   0.00476533   0.54229935   0.01676305   0.67888663   0.00322621   0.77700078   0.00482984
248.00   0.38595137   0.00968230   0.43478261   0.01058601   0.59241706   0.03790346   0.72358900   0.00942446   0.83402836   0.01182526
249.00   0.36443149   0.00504679   0.45808520   0.00566574   0.56085250   0.01792966   0.74183976   0.00440261   0.87260035   0.00609145
250.00   0.37133309   0.00523975   0.46339203   0.00536830   0.54171181   0.01672675   0.68587106   0.00376335   0.81632653   0.00533111
251.00   0.37105751   0.00743492   0.56022409   0.01035708   0.48123195   0.02200050   0.67613252   0.00594302   0.78988942   0.01123066
252.00   0.36941263   0.00641389   0.48355899   0.01286061   0.57937428   0.02551127   0.72992701   0.00639352   0.80580177   0.00714248
253.00   0.40371417   0.00651941   0.50864700   0.02509601   0.59952038   0.04349039   0.67430883   0.00909385   0.78003120   0.01521122
254.00   0.41999160   0.00705572   0.49455984   0.00929440   0.54171181   0.02259578   0.71479628   0.00664214   0.77101002   0.00772793
255.00   0.45682960   0.00438256   0.54466231   0.00533983   0.58788948   0.01313333   0.70821530   0.00300941   0.75357950   0.00397517
256.00   0.49975012   0.00424575   0.57670127   0.00432360   0.61124694   0.01120868   0.67750678   0.00229508   0.71174377   0.00303948
257.00   0.59880240   0.00466134   0.66093853   0.00436840   0.70175439   0.01083410   0.73964497   0.00218830   0.75131480   0.00282237
258.00   0.77279753   0.00477773   0.83822297   0.00491832   0.81967213   0.01007794   0.89525515   0.00240445   0.85034014   0.00289231
259.00   1.27713921   0.00489325   1.31233596   0.00516668   1.32275132   0.00874836   1.30039012   0.00169101   1.18623962   0.00140716
