145.00   2.04171240   0.02643625
146.00   1.80039139   0.01330801
147.00   1.56110616   0.01170581
148.00   1.72945205   0.02156537
149.00   1.83098592   0.02112093
150.00   1.97957581   0.02193111
151.00   2.12121212   0.02397715
152.00   1.79658500   0.01884911
153.00   1.72143975   0.01969039
154.00   1.78899083   0.01939371
155.00   2.00902935   0.02109565
156.00   1.67728238   0.01771539
157.00   1.67630058   0.01929567
158.00   1.74445295   0.01930632
159.00   1.33702532   0.02005388
160.00   1.86813187   0.02009764
161.00   2.02274574   0.03258629
162.00   1.78489703   0.01933996
163.00   1.59940209   0.02092452
164.00   2.06611570   0.03030096
165.00   2.82151208   0.03437846
167.00   3.60847334   0.04766933
168.00   4.10256410   0.06716776
169.00   5.14737599   0.08732837
171.00   5.72888283   0.11204052
172.00   7.97611148   0.18951154
173.00   6.01494396   0.16830565
174.00   8.75158428   0.31450746
175.00   6.44970414   0.16837257
176.00   5.77656676   0.17406767
177.00   3.73478539   0.09115118
178.00   4.05759162   0.07502193
179.00   3.48268839   0.06201235
180.00   2.81373844   0.03757096
181.00   2.57731959   0.02947533
183.00   2.68110530   0.04589159
184.00   2.52120278   0.06569933
185.00   2.09320695   0.03196369
187.00   2.21645663   0.04115285
188.00   2.30714791   0.04844811
189.00   2.68413598   0.05251928
190.00   2.62758621   0.03845898
192.00   2.50893495   0.02146944
193.00   2.34473133   0.03075254
194.00   2.60492041   0.03301702
195.00   2.80728376   0.05497593
197.00   2.56410256   0.03232522
198.00   2.45296671   0.03959320
199.00   2.60838150   0.02010487
200.00   2.61339093   0.02192481
201.00   2.45535714   0.02218856
202.00   2.65119550   0.02152235
204.00   2.99798793   0.03017434
205.00   3.98899587   0.05633560
206.00   3.88807069   0.04949668
207.00   5.97391304   0.06075614
208.00   6.26342162   0.10210037
209.00   7.19708029   0.08056902
210.00   7.91824375   0.07381488
211.00   7.67371601   0.09923695
212.00   8.24615385   0.10459172
213.00   7.70553064   0.06616417
214.00   8.14703676   0.10140757
215.00   7.61627907   0.09515279
216.00   8.03374908   0.11907831
217.00   8.11086798   0.08517584
218.00   8.23351024   0.13823738
219.00   9.57352941   0.30959126
220.00  10.93726937   0.16189867
221.00  11.86218212   0.23162115
222.00   8.76981132   0.10577999
223.00   9.46727549   0.22222917
224.00  10.12039660   0.17807702
225.00   8.78457060   0.27982240
226.00   6.18060696   0.08101026
227.00   7.44635193   0.12296843
228.00   7.65647744   0.08267492
229.00   7.30932203   0.09589258
230.00   7.14285714   0.09677110
231.00   7.75182482   0.08340348
232.00   7.27015559   0.06106844
233.00   6.53432032   0.07555489
234.00   7.19887955   0.07730543
235.00   7.41886792   0.05818441
236.00   7.26748378   0.06748731
237.00   7.73598297   0.12426956
238.00   7.65179225   0.11449738
239.00   7.36163760   0.09772032
240.00   6.73829624   0.08224718
241.00   7.93561931   0.19937406
242.00   6.69421488   0.10119983
243.00   6.48667602   0.07846663
244.00   6.93962526   0.12718633
245.00   7.57533287   0.14609623
246.00   7.84570597   0.21923050
247.00   7.06720978   0.07431804
248.00   8.24167873   0.23035472
249.00   7.65578635   0.09736372
250.00   6.98216735   0.08632191
251.00   6.05138607   0.12080326
252.00   8.62043796   0.15579946
253.00   7.22184761   0.21877070
254.00   6.19013581   0.12900055
255.00   4.60339943   0.04788980
256.00   3.30623306   0.03152518
257.00   2.53698225   0.02229876
258.00   2.00537153   0.02329106
259.00   1.26137841   0.01464419
