145.00   0.53763441   0.00578102
146.00   0.54347826   0.00295369
147.00   0.57142857   0.00326531
148.00   0.49504950   0.00490148
149.00   0.45248869   0.00409492
150.00   0.39682540   0.00314941
151.00   0.39682540   0.00314941
152.00   0.41322314   0.00341507
153.00   0.45454545   0.00413223
154.00   0.42735043   0.00365257
155.00   0.37453184   0.00280548
156.00   0.42194093   0.00356068
157.00   0.43103448   0.00371581
158.00   0.43859649   0.00384734
159.00   0.59171598   0.00700256
160.00   0.42016807   0.00353082
161.00   0.40160643   0.00483863
162.00   0.42735043   0.00365257
163.00   0.46728972   0.00436719
164.00   0.36363636   0.00396694
165.00   0.27624309   0.00228931
167.00   0.20242915   0.00163910
168.00   0.16891892   0.00171202
169.00   0.13966480   0.00136544
171.00   0.11890606   0.00127248
172.00   0.08319468   0.00103820
173.00   0.10351967   0.00160745
174.00   0.07241130   0.00136328
175.00   0.10193680   0.00145476
176.00   0.11792453   0.00194687
177.00   0.17152659   0.00264792
178.00   0.16129032   0.00182102
179.00   0.19493177   0.00227990
180.00   0.23474178   0.00220415
181.00   0.26666667   0.00213333
183.00   0.27855153   0.00310364
184.00   0.30581040   0.00561120
185.00   0.37735849   0.00427198
187.00   0.33444816   0.00447422
188.00   0.30674847   0.00470473
189.00   0.26385224   0.00348090
190.00   0.26246719   0.00275556
192.00   0.28490028   0.00162336
193.00   0.29761905   0.00265731
194.00   0.27777778   0.00231481
195.00   0.27027027   0.00365230
197.00   0.27777778   0.00231481
198.00   0.29498525   0.00348065
199.00   0.27700831   0.00153467
200.00   0.27548209   0.00151781
201.00   0.30303030   0.00183655
202.00   0.26525199   0.00140717
204.00   0.22371365   0.00150143
205.00   0.17241379   0.00148633
206.00   0.18939394   0.00143480
207.00   0.14556041   0.00084751
208.00   0.11428571   0.00104490
209.00   0.10141988   0.00061716
210.00   0.09560229   0.00045699
211.00   0.09842520   0.00067813
212.00   0.09328358   0.00060913
213.00   0.09699321   0.00047038
214.00   0.09208103   0.00059352
215.00   0.09541985   0.00063735
216.00   0.09132420   0.00075061
217.00   0.08992806   0.00048522
218.00   0.09208103   0.00084789
219.00   0.07680492   0.00129778
220.00   0.06747638   0.00050084
221.00   0.06915629   0.00066956
222.00   0.08605852   0.00051842
223.00   0.08038585   0.00096928
224.00   0.06997901   0.00063662
225.00   0.08285004   0.00137283
226.00   0.11976048   0.00086055
227.00   0.09606148   0.00083050
228.00   0.09505703   0.00054215
229.00   0.09661836   0.00065346
230.00   0.09389671   0.00070533
231.00   0.09416196   0.00053199
232.00   0.09727626   0.00047313
233.00   0.10298661   0.00063637
234.00   0.09727626   0.00056776
235.00   0.10172940   0.00041395
236.00   0.09920635   0.00049209
237.00   0.09174312   0.00075751
238.00   0.09560229   0.00073118
239.00   0.10298661   0.00074244
240.00   0.11389522   0.00077833
241.00   0.08818342   0.00116645
242.00   0.10288066   0.00084675
243.00   0.10810811   0.00070124
244.00   0.10000000   0.00100000
245.00   0.09250694   0.00094133
246.00   0.09276438   0.00137684
247.00   0.09606148   0.00055367
248.00   0.08779631   0.00131039
249.00   0.09689922   0.00065726
250.00   0.09823183   0.00067546
251.00   0.11173184   0.00124840
252.00   0.08467401   0.00078867
253.00   0.09337068   0.00156926
254.00   0.11547344   0.00133341
255.00   0.15384615   0.00094675
256.00   0.20491803   0.00125974
257.00   0.29154519   0.00169997
258.00   0.44642857   0.00398597
259.00   1.03092784   0.01062812
